energy	placeholder	imax	itotal	ibackground
300.0	0.0	0.010148748688969965	0.31014874868896997	0.3
300.4008016032064	0.0	-0.002548814150694073	0.29825278905571867	0.30080160320641275
300.80160320641284	0.0	0.013172277129815148	0.31477548354264084	0.3016032064128257
301.2024048096192	0.0	0.03068116677442541	0.33308597639366383	0.30240480961923843
301.60320641282567	0.0	-0.004460405241460313	0.298746007584191	0.3032064128256513
302.00400801603206	0.0	-0.004457954393132275	0.29955006163893183	0.3040080160320641
302.40480961923845	0.0	0.03181119400608262	0.3366208132445595	0.3048096192384769
302.8056112224449	0.0	0.015577816271142067	0.3211890387160319	0.3056112224448898
303.2064128256513	0.0	-0.009158150397485985	0.2972546752538166	0.30641282565130257
303.60721442885773	0.0	0.011084786080451985	0.31829921493816743	0.30721442885771544
304.0080160320641	0.0	-0.009032487877277545	0.2989835441868507	0.30801603206412825
304.40881763527057	0.0	-0.009076414795790664	0.29974122047475044	0.3088176352705411
304.80961923847696	0.0	0.005079774189473493	0.31469901266642736	0.3096192384769539
305.21042084168334	0.0	-0.038022692790802504	0.2723981488925642	0.3104208416833667
305.6112224448898	0.0	-0.03425302564951884	0.27696941924026075	0.31122244488977957
306.0120240480962	0.0	-0.010997964421716975	0.30102608367447536	0.31202404809619233
306.4128256513026	0.0	-0.020006344089691187	0.29281930721291405	0.31282565130260526
306.813627254509	0.0	0.006537754860207082	0.3201650093692251	0.313627254509018
307.2144288577154	0.0	-0.017905104908664746	0.296523752806766	0.3144288577154308
307.61523046092185	0.0	-0.027988089745147254	0.28724237117669643	0.3152304609218437
308.01603206412824	0.0	0.029573607430356707	0.34560567155861316	0.31603206412825646
308.4168336673347	0.0	-0.004252205271987591	0.3125814620626817	0.31683366733466933
308.8176352705411	0.0	0.0016166152789468778	0.319251885820029	0.31763527054108215
309.2184368737475	0.0	-0.028226139461873398	0.2902107342856216	0.318436873747495
309.6192384769539	0.0	-0.010616013630361031	0.3086224633235468	0.31923847695390783
310.0200400801603	0.0	0.0024929536867584656	0.32253303384707904	0.3200400801603206
310.42084168336675	0.0	-0.022742463250570534	0.2980992201161629	0.32084168336673347
310.82164328657313	0.0	0.007794321406080387	0.32943760797922667	0.3216432865731463
311.2224448897796	0.0	-0.01172941269320928	0.3107154770863499	0.32244488977955915
311.62324649298597	0.0	-0.0055474654847858665	0.31769902750118606	0.3232464929859719
312.02404809619236	0.0	-0.011744624945150975	0.31230347124723373	0.3240480961923847
312.4248496993988	0.0	0.03733821923116194	0.3621879186299595	0.3248496993987976
312.8256513026052	0.0	2.5910840836863055e-05	0.3256772134460472	0.32565130260521036
313.22645290581164	0.0	-0.020855110765879203	0.3055977950457441	0.3264529058116233
313.62725450901803	0.0	0.016753312377020546	0.3440078213950566	0.32725450901803604
314.0280561122245	0.0	-0.02411109750551843	0.30394501471893054	0.32805611222444897
314.42885771543087	0.0	0.0044864650165007194	0.33334418044736247	0.32885771543086173
314.82965931863725	0.0	-0.038880734214506975	0.2907785844227675	0.3296593186372745
315.2304609218437	0.0	-0.026247518747951875	0.3042134030957355	0.3304609218436874
315.6312625250501	0.0	0.004257021067284205	0.3355195461173844	0.3312625250501002
316.03206412825654	0.0	0.015092783593257083	0.34715691184977016	0.33206412825651305
316.4328657314629	0.0	0.0037545361939547756	0.33662026765688063	0.33286573146292586
316.8336673346693	0.0	-0.001982012117104411	0.3316853225522342	0.3336673346693386
317.23446893787576	0.0	-0.005687271544636025	0.32878166633111544	0.3344689378757515
317.63527054108215	0.0	-0.02923172119203119	0.3060388198901331	0.3352705410821643
318.0360721442886	0.0	-0.014054180312107577	0.3220179639764696	0.3360721442885772
318.436873747495	0.0	-0.00886601570350183	0.3280077317914881	0.33687374749498994
318.8376753507014	0.0	0.021493332394716295	0.35916868309611905	0.33767535070140275
319.2384769539078	0.0	0.007227455836266381	0.345704409744082	0.3384769539078156
319.6392785571142	0.0	-0.03490143509103583	0.30437712202319256	0.3392785571142284
320.04008016032066	0.0	0.006845403002579871	0.34692556332322116	0.3400801603206413
320.44088176352705	0.0	-0.007333486882176061	0.333548276644878	0.34088176352705407
320.8416833667335	0.0	-0.013165764712140973	0.328517602021326	0.341683366733467
321.2424849699399	0.0	0.012610801097960898	0.3550957710378407	0.34248496993987976
321.64328657314627	0.0	0.021001951322359897	0.3642885244686524	0.3432865731462925
322.0440881763527	0.0	0.019012336459106497	0.36310051281181194	0.34408817635270544
322.4448897795591	0.0	-0.016392753334855195	0.328497026224263	0.3448897795591182
322.84569138276555	0.0	-0.005787695221688197	0.33990368754384287	0.3456913827655311
323.24649298597194	0.0	0.00702687053815504	0.35351985651009893	0.3464929859719439
323.6472945891784	0.0	0.019917650926739732	0.3672122401050965	0.34729458917835676
324.0480961923848	0.0	-0.00917149055127248	0.33892470183349704	0.3480961923847695
324.44889779559117	0.0	-0.003295837591299713	0.34560195799988264	0.34889779559118234
324.8496993987976	0.0	-0.02170390523561226	0.32799549356198293	0.3496993987975952
325.250501002004	0.0	-0.02349577863062661	0.32700522337338134	0.35050100200400797
325.65130260521045	0.0	0.0166845400370338	0.3679871452474547	0.3513026052104209
326.05210420841684	0.0	0.027564606951694357	0.37966881536852803	0.35210420841683365
326.4529058116232	0.0	-0.0009944971886834163	0.35191131443456297	0.3529058116232464
326.85370741482967	0.0	0.02052238125465355	0.3742297960843129	0.35370741482965934
327.25450901803606	0.0	0.0076905842678885675	0.36219960230396064	0.3545090180360721
327.6553106212425	0.0	-0.01243826510428083	0.3428723561382042	0.355310621242485
328.0561122244489	0.0	0.007698437518193807	0.3638106619670916	0.3561122244488978
328.4569138276553	0.0	0.031237784924146087	0.38815161257945663	0.35691382765531054
328.85771543086173	0.0	-0.00023280254304490326	0.35748262831867855	0.35771543086172347
329.2585170340681	0.0	0.03178339627703175	0.390300430345168	0.35851703406813623
329.65931863727457	0.0	-0.05189742976819907	0.30742120750635005	0.3593186372745491
330.06012024048096	0.0	0.01694261987908546	0.3770628603600474	0.3601202404809619
330.4609218436874	0.0	0.0022527611992494267	0.36317460488662423	0.3609218436873748
330.8617234468938	0.0	-0.0054609201750778595	0.35626252671870967	0.36172344689378755
331.2625250501002	0.0	0.0023620108722101317	0.36488706097241047	0.36252505010020036
331.6633266533066	0.0	-0.039216848219447646	0.3241098050871656	0.36332665330661323
332.064128256513	0.0	-0.003851001840087593	0.3602772546729385	0.36412825651302605
332.46492985971946	0.0	0.007692769373775522	0.3726226290932144	0.3649298597194389
332.86573146292585	0.0	0.030116662306383567	0.3958481252322352	0.3657314629258517
333.2665330661323	0.0	-0.009798172589382571	0.35673489354288196	0.36653306613226455
333.6673346693387	0.0	-0.015593997359382746	0.3517406719792946	0.36733466933867737
334.0681362725451	0.0	-0.009450424816327786	0.35868584772876233	0.3681362725450901
334.4689378757515	0.0	0.018901804302593236	0.3878396800540963	0.36893787575150305
334.8697394789579	0.0	0.007178040908633409	0.3769175198665492	0.3697394789579158
335.2705410821643	0.0	-0.009982711135383257	0.36055837102894533	0.3705410821643286
335.67134268537075	0.0	0.01088754012640057	0.3822302254971421	0.3713426853707415
336.07214428857714	0.0	0.0025736723872484633	0.37471796096440274	0.37214428857715426
336.4729458917836	0.0	0.020015189954559212	0.3929610817381264	0.3729458917835672
336.87374749498997	0.0	-0.013388356490342732	0.3603591384996372	0.37374749498997994
337.2745490981964	0.0	-0.0058898677984301545	0.36865923039796267	0.3745490981963928
337.6753507014028	0.0	-0.007167855350186688	0.36818284605261886	0.3753507014028056
338.0761523046092	0.0	-0.028584787166758267	0.3475675174424601	0.3761523046092184
338.47695390781564	0.0	0.006619401956232293	0.38357330977186355	0.37695390781563126
338.87775551102203	0.0	0.005929876421540179	0.38368538744358427	0.3777555110220441
339.2785571142285	0.0	0.000823114422223309	0.3793802286506803	0.37855711422845695
339.67935871743487	0.0	-0.003958513097507214	0.3754002043373625	0.3793587174348697
340.0801603206413	0.0	-0.02756148036286541	0.3525988402784172	0.38016032064128263
340.4809619238477	0.0	-0.0076539353230023815	0.373307988524693	0.3809619238476954
340.8817635270541	0.0	-0.006081939195468202	0.37568158785864	0.38176352705410815
341.28256513026054	0.0	-0.015259458785917937	0.36730567147460313	0.3825651302605211
341.6833667334669	0.0	-0.002425524062126701	0.38094120940480714	0.38336673346693384
342.0841683366734	0.0	0.008895692203040035	0.39306402887638675	0.3841683366733467
342.48496993987976	0.0	0.03855327311856154	0.4235232129983211	0.3849699398797595
342.88577154308615	0.0	0.004336400947673801	0.3901079440338461	0.3857715430861723
343.2865731462926	0.0	0.006011566770573901	0.3925847130631591	0.3865731462925852
343.687374749499	0.0	-0.0006122046275326804	0.3867625448714653	0.387374749498998
344.08817635270543	0.0	-0.03748209888386675	0.35069425382154407	0.38817635270541084
344.4889779559118	0.0	0.0003801339655602913	0.3893580898773839	0.3889779559118236
344.8897795591182	0.0	0.0021325941830201483	0.39191215330125656	0.3897795591182364
345.29058116232466	0.0	0.050210922210775034	0.44079208453542434	0.3905811623246493
345.69138276553105	0.0	-0.0028825179592247025	0.3885002475718374	0.3913827655310621
346.0921843687375	0.0	0.0070148218631494105	0.39919919060062437	0.392184368737475
346.4929859719439	0.0	0.00030938754601612765	0.39329535948990385	0.39298597194388774
346.8937875751503	0.0	-0.02234959261228638	0.3714379825380143	0.39378757515030066
347.2945891783567	0.0	0.023901391099185553	0.41849056945589896	0.3945891783567134
347.6953907815631	0.0	0.016105209022685436	0.4114959905858116	0.3953907815631262
348.09619238476955	0.0	0.016909474489015384	0.41310185925855447	0.3961923847695391
348.49699398797594	0.0	-0.01707592463542657	0.3799180633405253	0.39699398797595187
348.8977955911824	0.0	0.02919143091128852	0.42698702209365325	0.39779559118236474
349.2985971943888	0.0	-0.026876993859090568	0.37172020052968696	0.39859719438877755
349.6993987975952	0.0	0.012922447266763486	0.41232124486195393	0.3993987975951904
350.1002004008016	0.0	0.04502052578115136	0.4452209265827546	0.40020040080160324
350.501002004008	0.0	-0.018572339004935212	0.3824296650030808	0.401002004008016
350.90180360721445	0.0	-0.01005968801271482	0.39174391920171403	0.40180360721442887
351.30260521042084	0.0	0.003288118447791369	0.405893328868633	0.40260521042084163
351.7034068136272	0.0	-0.008744608958728087	0.39466220466852636	0.40340681362725445
352.10420841683367	0.0	-0.029657517738428143	0.3745508990952392	0.4042084168336673
352.50501002004006	0.0	0.0027589389036583338	0.4077689589437385	0.40501002004008013
352.9058116232465	0.0	-0.019825333799559634	0.38598628944693336	0.405811623246493
353.3066132264529	0.0	0.010926836464937511	0.4175400629178433	0.40661322645290576
353.70741482965934	0.0	-0.016898006176788462	0.39051682348253025	0.4074148296593187
354.10821643286573	0.0	0.03252596094167337	0.4407423938074048	0.40821643286573145
354.5090180360721	0.0	-0.014099630915314725	0.3949184051568295	0.40901803607214426
354.90981963927857	0.0	-0.0048361975179541565	0.40498344176060297	0.40981963927855714
355.31062124248496	0.0	0.017916483082875197	0.4285377255678451	0.4106212424849699
355.7114228456914	0.0	-0.022928456779365506	0.38849438891201726	0.41142284569138277
356.1122244488978	0.0	0.006282385675693185	0.41850683457348875	0.4122244488977956
356.51302605210424	0.0	0.02792215314265379	0.44094820524686223	0.41302605210420845
356.9138276553106	0.0	-0.03032240920999388	0.38350524610062736	0.41382765531062127
357.314629258517	0.0	0.00556983527941649	0.42019909379645054	0.414629258517034
357.71543086172346	0.0	0.0071267673065569	0.4225576290300038	0.4154308617234469
358.11623246492985	0.0	0.017619685500789795	0.4338521504306495	0.4162324649298597
358.5170340681363	0.0	-0.022699385784364656	0.39433468235190794	0.4170340681362726
358.9178356713427	0.0	-0.024310690954993434	0.3935249803876919	0.41783567134268534
359.3186372745491	0.0	0.012598635868571476	0.4312359104176696	0.41863727454909816
359.7194388777555	0.0	0.008163559376084841	0.42760243713159585	0.41943887775551103
360.1202404809619	0.0	0.007300640813642931	0.42754112177556675	0.4202404809619238
360.52104208416836	0.0	0.009289692501670657	0.4303317766700074	0.4210420841683367
360.92184368737475	0.0	-0.011166612276125051	0.41067707509862444	0.4218436873747495
361.32264529058114	0.0	0.00715551579869779	0.42980080637986007	0.4226452905811623
361.7234468937876	0.0	0.008452068430276398	0.43189896221785157	0.42344689378757516
362.12424849699397	0.0	-0.011612386914167813	0.4126361100798201	0.4242484969939879
362.5250501002004	0.0	0.04007824542448344	0.46512834562488425	0.4250501002004008
362.9258517034068	0.0	0.012331884171266138	0.43818358757807974	0.4258517034068136
363.32665330661325	0.0	-0.020873729825562924	0.40577957678766363	0.42665330661322654
363.72745490981964	0.0	0.016185481061626265	0.44364039088126556	0.4274549098196393
364.12825651302603	0.0	-0.016331864865024377	0.4119246481610277	0.42825651302605205
364.5290581162325	0.0	0.019016476077118077	0.448074592309583	0.4290581162324649
364.92985971943887	0.0	0.026565763114434243	0.45642548255331195	0.4298597194388777
365.3306613226453	0.0	-0.012894244447905417	0.4177670781973852	0.4306613226452906
365.7314629258517	0.0	0.02291942662991367	0.45438235248161707	0.4314629258517034
366.13226452905815	0.0	0.012047487448246965	0.44431201650636326	0.4322645290581163
366.53306613226454	0.0	0.020381057307101824	0.4534471895716309	0.43306613226452906
366.9338677354709	0.0	0.042032328518695705	0.4759000639896375	0.4338677354709418
367.3346693386774	0.0	-0.0006453826167989495	0.43402395606055577	0.43466933867735474
367.73547094188376	0.0	-0.010636406491947671	0.4248345353918198	0.4354709418837675
368.13627254509015	0.0	-0.013165207449133782	0.4231073376410465	0.4362725450901803
368.5370741482966	0.0	-0.011492653036007399	0.4255814952605858	0.4370741482965932
368.93787575150304	0.0	0.0034926651266938835	0.44136841662969994	0.43787575150300606
369.33867735470943	0.0	0.012082626920443467	0.4507599816298623	0.4386773547094188
369.7394789579158	0.0	0.01103320934733127	0.4505121672631629	0.43947895791583164
370.14028056112227	0.0	0.02229908174640238	0.46257964286864695	0.44028056112224456
370.54108216432866	0.0	0.006289133379332223	0.44737129770798956	0.4410821643286573
370.94188376753505	0.0	0.035392704398393975	0.47727647193346406	0.4418837675350701
371.3426853707415	0.0	0.0013428297598812962	0.44402820050136427	0.44268537074148295
371.7434869739479	0.0	0.06137627373925184	0.5048632476871475	0.4434869739478957
372.1442885771543	0.0	0.019848327184469716	0.46413690433877836	0.44428857715430864
372.5450901803607	0.0	-0.00941848039631561	0.43567169996440586	0.44509018036072145
372.94589178356716	0.0	-0.013273171911313646	0.43261861165582066	0.4458917835671343
373.34669338677355	0.0	0.018247483940196443	0.4649408707137435	0.4466933867735471
373.74749498997994	0.0	0.004618879160185204	0.45211386914014506	0.44749498997995985
374.1482965931864	0.0	0.023898780521303294	0.47219537370767606	0.44829659318637277
374.5490981963928	0.0	0.019658944764362644	0.46875714115714817	0.44909819639278553
374.94989979959917	0.0	0.00936258166970798	0.45926238126890634	0.44989979959919835
375.3507014028056	0.0	-0.005436867920685318	0.4452645348849259	0.4507014028056112
375.75150300601206	0.0	-0.018057240286710553	0.4334457657253135	0.4515030060120241
376.15230460921845	0.0	0.00411763677675755	0.4564222459951944	0.45230460921843685
376.55310621242484	0.0	0.03105914239003937	0.48416535481488904	0.45310621242484966
376.9539078156313	0.0	0.01917958953443347	0.4730874051656961	0.4539078156312626
377.3547094188377	0.0	-0.008957960971204462	0.4457514578664709	0.45470941883767535
377.75551102204406	0.0	0.020582281167405184	0.4760933032114933	0.4555110220440881
378.1563126252505	0.0	0.026100780187972995	0.482413405438474	0.456312625250501
378.5571142284569	0.0	0.0021190920160413518	0.4592333204729552	0.4571142284569138
378.95791583166334	0.0	0.02441153352817724	0.48232736519150393	0.45791583166332667
379.35871743486973	0.0	0.024194516555573795	0.4829119514253133	0.4587174348697395
379.7595190380762	0.0	0.0020304870945430584	0.4615495251706954	0.45951903807615235
380.16032064128257	0.0	0.03408467237486148	0.49440531365742657	0.4603206412825651
380.56112224448896	0.0	0.04037488553466032	0.5014971300236382	0.4611222444889779
380.9619238476954	0.0	0.05325053610832549	0.5151743838037163	0.4619238476953908
381.3627254509018	0.0	0.055299734531896905	0.5180251854337006	0.4627254509018036
381.76352705410824	0.0	0.009504460184663447	0.47303151429287993	0.4635270541082165
382.1643286573146	0.0	0.021320413387314257	0.4856490707019435	0.46432865731462925
382.5651302605211	0.0	0.05355129376538678	0.5186815542864289	0.4651302605210421
382.96593186372746	0.0	0.05680467486525706	0.522736538592712	0.4659318637274549
383.36673346693385	0.0	0.06013952121421543	0.5268729881480831	0.4667334669338677
383.7675350701403	0.0	0.13013476444548447	0.5976698345857651	0.4675350701402806
384.1683366733467	0.0	0.06754723930148432	0.5358839126481777	0.4683366733466934
384.5691382765531	0.0	0.08155436146789705	0.5506926380210032	0.46913827655310614
384.9699398797595	0.0	0.08015013903859845	0.5500900187981175	0.469939879759519
385.37074148296597	0.0	0.07569720382795292	0.5464386867938849	0.47074148296593193
385.77154308617236	0.0	0.05722396197028484	0.5287670481426295	0.4715430861723447
386.17234468937875	0.0	0.07876581412124885	0.5511105035000063	0.4723446893787575
386.5731462925852	0.0	0.04737981211148194	0.5205261046966523	0.4731462925851704
386.9739478957916	0.0	0.05659838175277778	0.5305462775443609	0.47394789579158314
387.37474949899797	0.0	0.04948027861473497	0.5242297776127308	0.4747494989979959
387.7755511022044	0.0	0.05817046604815461	0.5337215682525634	0.4755511022044088
388.1763527054108	0.0	0.0998148984000769	0.5761676038108985	0.47635270541082164
388.57715430861725	0.0	0.01295377006395132	0.49010807868118583	0.4771543086172345
388.97795591182364	0.0	0.06071761629712509	0.5386735281207724	0.4779559118236473
389.3787575150301	0.0	0.011450354380227915	0.49020786941028804	0.47875751503006014
389.7795591182365	0.0	0.031074197388639997	0.5106333156251129	0.47955911823647296
390.18036072144287	0.0	0.05924890840510373	0.5396096298479894	0.4803607214428857
390.5811623246493	0.0	0.035894245460567735	0.5170565701098664	0.48116232464929864
390.9819639278557	0.0	0.010391121352217089	0.4923550492079285	0.4819639278557114
391.38276553106215	0.0	0.015181171016748547	0.4979467020788728	0.4827655310621243
391.78356713426854	0.0	0.04082136462763179	0.5243884988961688	0.48356713426853704
392.184368737475	0.0	0.0105569298557347	0.49492566733068466	0.48436873747494996
392.5851703406814	0.0	0.02760953171836666	0.5127798723997294	0.4851703406813628
392.98597194388776	0.0	0.02247603570278833	0.5084479795905639	0.48597194388777554
393.3867735470942	0.0	0.006971272933373535	0.4937448200275619	0.4867735470941884
393.7875751503006	0.0	0.061461691952934216	0.5490368422535354	0.48757515030060117
394.188376753507	0.0	0.0299685253284395	0.5183452788354534	0.4883767535070139
394.58917835671343	0.0	-0.02438980907883683	0.46478854763459004	0.48917835671342685
394.9899799599198	0.0	0.018769280457039537	0.5087492403768792	0.48997995991983967
395.39078156312627	0.0	0.0008255369928870156	0.49160710011913955	0.49078156312625254
395.79158316633266	0.0	0.030215558959314517	0.5217987252919798	0.4915831663326653
396.1923847695391	0.0	-0.003501785793350195	0.488882983745728	0.49238476953907817
396.5931863727455	0.0	0.009304167065842032	0.5024905398113331	0.493186372745491
396.9939879759519	0.0	0.02101065080078141	0.5149986267526852	0.49398797595190375
397.3947895791583	0.0	0.027593693348950128	0.5223832725072668	0.4947895791583167
397.7955911823647	0.0	-0.014309397771134774	0.48128178459359466	0.49559118236472943
398.19639278557116	0.0	0.0024698667295093932	0.4988626523006517	0.4963927855711423
398.59719438877755	0.0	-0.0008345508422999155	0.4963598379352551	0.49719438877755506
398.997995991984	0.0	-0.004860517803121989	0.493135474180846	0.497995991983968
399.3987975951904	0.0	0.043090665646561874	0.5418882608369426	0.4987975951903808
399.7995991983968	0.0	0.015487450570289314	0.5150866489670829	0.49959919839679356
400.2004008016032	0.0	-0.018195663997398033	0.4822051376058084	0.5004008016032064
400.6012024048096	0.0	0.025038943782919425	0.5262413485925386	0.5012024048096192
401.002004008016	0.0	0.04880779098043312	0.550811798996465	0.502004008016032
401.40280561122245	0.0	0.026718213326864075	0.5295238245493089	0.5028056112224448
401.8036072144289	0.0	-0.024594765089201446	0.47901244933965637	0.5036072144288578
402.2044088176353	0.0	-0.004150452461432913	0.5002583651738377	0.5044088176352706
402.6052104208417	0.0	0.030630456830641757	0.5358408776723251	0.5052104208416833
403.0060120240481	0.0	-0.00908805858126172	0.4969239654668345	0.5060120240480962
403.4068136272545	0.0	0.013728715417662157	0.5205423426721711	0.506813627254509
403.8076152304609	0.0	0.020144822290774488	0.5277600527516964	0.5076152304609218
404.20841683366734	0.0	-0.01407481667878512	0.49434201698854957	0.5084168336673347
404.60921843687373	0.0	0.0030958826587869455	0.5123143195325344	0.5092184368737475
405.0100200400802	0.0	-0.06070622603801669	0.44931381404214366	0.5100200400801603
405.41082164328657	0.0	-0.016526506763348582	0.4942951365232245	0.5108216432865731
405.811623246493	0.0	-0.0012392723778473758	0.5103839741151386	0.511623246492986
406.2124248496994	0.0	-0.02128462600829981	0.491140223691099	0.5124248496993988
406.6132264529058	0.0	0.03618574857825135	0.549412201484063	0.5132264529058116
407.01402805611224	0.0	-0.025191799542488246	0.4888362565697362	0.5140280561122245
407.4148296593186	0.0	-0.0055098100836653095	0.5093198492349719	0.5148296593186372
407.8156312625251	0.0	0.0057920530523856446	0.5214233155774357	0.5156312625250501
408.21643286573146	0.0	0.03189457847727198	0.5483274442087349	0.516432865731463
408.6172344689379	0.0	-0.02575091894316708	0.4914835499947088	0.5172344689378758
409.0180360721443	0.0	0.026131810405356507	0.5441678825496451	0.5180360721442886
409.4188376753507	0.0	0.0029800936918680378	0.5218177690425694	0.5188376753507014
409.81963927855713	0.0	-0.01694344780077882	0.5026958307563354	0.5196392785571142
410.2204408817635	0.0	0.011844214678475507	0.5322850964420026	0.5204408817635271
410.6212424849699	0.0	0.006502637760440904	0.5277451227303808	0.5212424849699399
411.02204408817636	0.0	-0.009559946735848944	0.5124841414405038	0.5220440881763527
411.4228456913828	0.0	0.003766814004005646	0.5266125053867713	0.5228456913827656
411.8236472945892	0.0	-0.005405882142257064	0.5182414124469213	0.5236472945891784
412.2244488977956	0.0	0.004503405595777895	0.528952303391369	0.5244488977955911
412.62525050100203	0.0	0.015411220703988298	0.5406617217059924	0.5252505010020041
413.0260521042084	0.0	0.033827211680987165	0.559879315889404	0.5260521042084169
413.4268537074148	0.0	-0.022708596027774825	0.5041451113870548	0.5268537074148296
413.82765531062125	0.0	0.044651651275957396	0.5723069618971999	0.5276553106212425
414.22845691382764	0.0	-0.03710520114018294	0.4913517126874723	0.5284569138276553
414.6292585170341	0.0	-0.0011513962775323578	0.5281071207565359	0.5292585170340682
415.0300601202405	0.0	0.01360046653738166	0.5436605867778626	0.5300601202404809
415.4308617234469	0.0	0.0074057361068812205	0.5382674595537751	0.5308617234468939
415.8316633266533	0.0	-0.010714455489960159	0.5209488711633464	0.5316633266533066
416.2324649298597	0.0	-0.002467507680234841	0.5299974221794845	0.5324649298597194
416.63326653306615	0.0	-0.008208000469765168	0.525058532596367	0.5332665330661323
417.03406813627254	0.0	-0.010176599995047945	0.5238915362774971	0.534068136272545
417.4348697394789	0.0	0.01856293253332583	0.5534326720122837	0.5348697394789579
417.8356713426854	0.0	0.008672841401365547	0.5443441840867363	0.5356713426853708
418.2364729458918	0.0	-0.01236264209759534	0.5241103037941883	0.5364729458917836
418.6372745490982	0.0	0.019451877863218864	0.5567264269614153	0.5372745490981964
419.0380761523046	0.0	0.007571452841307531	0.5456476051459167	0.5380761523046091
419.43887775551104	0.0	0.017649480957435563	0.5565272364684576	0.538877755511022
419.83967935871743	0.0	0.013952731461535662	0.5536320901789705	0.5396793587174349
420.2404809619238	0.0	-0.015250740851290837	0.5252302210725568	0.5404809619238476
420.64128256513027	0.0	-0.00990441635453639	0.5313781487757241	0.5412825651302605
421.04208416833666	0.0	0.016216116246011544	0.5583002845826848	0.5420841683366733
421.4428857715431	0.0	0.013449640499740038	0.5563354120428262	0.5428857715430861
421.8436873747495	0.0	0.0007971047649503307	0.5444844795144493	0.543687374749499
422.24448897795594	0.0	0.00353545738668294	0.5480244353425948	0.5444889779559119
422.6452905811623	0.0	0.026716815583310807	0.5720073967456355	0.5452905811623247
423.0460921843687	0.0	-0.010692502138934676	0.5353996822298027	0.5460921843687374
423.44689378757516	0.0	0.012057048195364581	0.5589508357705149	0.5468937875751503
423.84769539078155	0.0	-0.002951841957882971	0.5447435488236801	0.5476953907815632
424.248496993988	0.0	-0.003283996670387545	0.5452129973175884	0.548496993987976
424.6492985971944	0.0	0.023023458206997426	0.5723220554013863	0.5492985971943888
425.05010020040083	0.0	0.01753519247292378	0.5676353928737254	0.5501002004008017
425.4509018036072	0.0	0.017276627491314943	0.5681784310985294	0.5509018036072144
425.8517034068136	0.0	0.02709618078443999	0.5787995875980673	0.5517034068136273
426.25250501002006	0.0	0.0013874287448998423	0.55389243876494	0.5525050100200402
426.65330661322645	0.0	0.014587713921700338	0.5678943271481532	0.5533066132264529
427.05410821643284	0.0	-0.005274843787144258	0.5488333726457214	0.5541082164328657
427.4549098196393	0.0	0.00739616944435376	0.5623059890836323	0.5549098196392785
427.85571142284573	0.0	-0.0017071725778299242	0.5540042502678615	0.5557114228456914
428.2565130260521	0.0	0.0028189307312684172	0.5593319567833727	0.5565130260521043
428.6573146292585	0.0	0.012765934240955595	0.5700805634994726	0.5573146292585169
429.05811623246495	0.0	-0.01551739489535149	0.5425988375695784	0.5581162324649299
429.45891783567134	0.0	0.04267941615733203	0.6015972518286747	0.5589178356713427
429.85971943887773	0.0	-0.019303613469760512	0.5404158254079949	0.5597194388777554
430.2605210420842	0.0	-0.02348157746424133	0.5370394646199271	0.5605210420841684
430.6613226452906	0.0	0.023950256112385424	0.5852729014029667	0.5613226452905813
431.06212424849696	0.0	0.016607506296960298	0.5787317547939542	0.5621242484969939
431.4629258517034	0.0	0.013243219732611826	0.5761690714360186	0.5629258517034068
431.86372745490985	0.0	0.01331464956374219	0.5770421044735619	0.5637274549098197
432.26452905811624	0.0	0.0004900532490752037	0.5650191113653078	0.5645290581162326
432.6653306613226	0.0	-0.017222527240266253	0.5481081340823789	0.5653306613226452
433.0661322645291	0.0	0.002226534271274128	0.5683587988003322	0.5661322645290581
433.46693386773546	0.0	-0.012844607051090903	0.55408926068438	0.5669338677354709
433.86773547094185	0.0	0.02018949721153388	0.5879249681534175	0.5677354709418837
434.2685370741483	0.0	-0.0022652878931724183	0.5662717862551242	0.5685370741482966
434.66933867735474	0.0	-0.015845054258459636	0.5534936230962499	0.5693386773547096
435.07014028056113	0.0	-0.005773533189458442	0.5643667473716638	0.5701402805611222
435.4709418837675	0.0	0.008902362344487373	0.5798442461120225	0.5709418837675351
435.87174348697397	0.0	-0.010640960580642175	0.5611025263933058	0.571743486973948
436.27254509018036	0.0	-0.015820840353241376	0.5567242498271193	0.5725450901803607
436.67334669338675	0.0	0.005487581300571813	0.5788342746873453	0.5733466933867735
437.0741482965932	0.0	0.005503663284378687	0.579651959877565	0.5741482965931863
437.47494989979964	0.0	-0.009543818454043408	0.5654060813455558	0.5749498997995992
437.87575150300603	0.0	-0.008834796087462373	0.5669167069185497	0.5757515030060121
438.2765531062124	0.0	0.005218099152697152	0.581771205365122	0.5765531062124248
438.67735470941886	0.0	-0.028393256768804036	0.5489614526500337	0.5773547094188377
439.07815631262525	0.0	-0.02758932240338974	0.5505669902218607	0.5781563126252505
439.47895791583164	0.0	-0.013817220641404648	0.5651406951902587	0.5789579158316633
439.8797595190381	0.0	-0.0037253863582614576	0.5760341326798147	0.5797595190380762
440.28056112224453	0.0	0.0067537777876796766	0.5873149000321688	0.5805611222444891
440.68136272545087	0.0	0.030034992426195235	0.611397717877097	0.5813627254509017
441.0821643286573	0.0	0.017673469060448605	0.5998377977177632	0.5821643286573146
441.48296593186376	0.0	-0.0026859233360009976	0.5802800085277264	0.5829659318637275
441.88376753507015	0.0	0.00012525135630369867	0.583892786426444	0.5837675350701403
442.28456913827654	0.0	-0.019552130356825417	0.5650170079197275	0.584569138276553
442.685370741483	0.0	0.00012122454744393298	0.5854919660304099	0.585370741482966
443.0861723446894	0.0	-0.005288510383914648	0.5808838343054641	0.5861723446893787
443.48697394789576	0.0	0.006932349551065144	0.5939062974468566	0.5869739478957915
443.8877755511022	0.0	-0.01607318759251333	0.5717023635096912	0.5877755511022045
444.28857715430865	0.0	0.010851947773354444	0.5994291020819718	0.5885771543086173
444.68937875751504	0.0	0.031113511650060207	0.6204922691650903	0.5893787575150301
445.09018036072143	0.0	-0.0017226274510596334	0.5884577332703832	0.5901803607214429
445.4909819639279	0.0	0.008480774964497667	0.5994627388923534	0.5909819639278557
445.89178356713427	0.0	0.014243504997492707	0.6060270721317613	0.5917835671342686
446.29258517034066	0.0	-0.00758958313159776	0.5849955872090835	0.5925851703406813
446.6933867735471	0.0	0.004910990554795004	0.5982977641018892	0.5933867735470941
447.09418837675355	0.0	0.0006754140816392781	0.5948637908351464	0.5941883767535071
447.4949899799599	0.0	0.002371620878730277	0.5973616008386501	0.5949899799599198
447.89579158316633	0.0	-0.015047458983418858	0.5807441241829138	0.5957915831663326
448.2965931863728	0.0	0.0008976802458861534	0.5974908666186317	0.5965931863727456
448.69739478957916	0.0	0.010362282354369158	0.6077570719335275	0.5973947895791583
449.09819639278555	0.0	0.02942012565713353	0.6276165184427046	0.5981963927855711
449.498997995992	0.0	0.019577701776641004	0.618575697768625	0.598997995991984
449.8997995991984	0.0	0.043451058594473964	0.6432506577928707	0.5997995991983968
450.3006012024048	0.0	-0.014964327462929458	0.5856368749418801	0.6006012024048095
450.7014028056112	0.0	0.017824338836177726	0.6192271444474001	0.6014028056112224
451.10220440881767	0.0	0.004040154341729873	0.6062445631593651	0.6022044088176353
451.50300601202406	0.0	0.04416484476115056	0.6471708567851987	0.6030060120240481
451.90380761523045	0.0	-0.01580162600733166	0.5880059892231292	0.6038076152304609
452.3046092184369	0.0	-0.01643446375930731	0.5881747546775664	0.6046092184368738
452.7054108216433	0.0	-0.011632168552257025	0.5937786530910295	0.6054108216432865
453.1062124248497	0.0	-0.04212644280750798	0.5640859820421914	0.6062124248496994
453.5070140280561	0.0	-0.010167767167340889	0.5968462608887714	0.6070140280561123
453.90781563126257	0.0	-0.014839385843994657	0.5929762454185304	0.6078156312625251
454.30861723446895	0.0	0.0033471480884504135	0.6119643825573883	0.6086172344689379
454.70941883767534	0.0	0.007170466063580034	0.6165893037389307	0.6094188376753507
455.1102204408818	0.0	0.037854905151690384	0.648075346033454	0.6102204408817635
455.5110220440882	0.0	0.019336173038763622	0.6303582171269401	0.6110220440881764
455.91182364729457	0.0	-0.011214104340474937	0.6006095429541142	0.6118236472945892
456.312625250501	0.0	-0.01764798902252886	0.5949772614784732	0.612625250501002
456.71342685370746	0.0	0.010155085184777672	0.6235819388921926	0.6134268537074149
457.1142284569138	0.0	-0.026091504693024844	0.5881369522208029	0.6142284569138277
457.51503006012024	0.0	0.0369388514618063	0.6519689115820468	0.6150300601202405
457.9158316633267	0.0	0.023895052959943996	0.6397267162865974	0.6158316633266534
458.3166332665331	0.0	-0.00908063165782173	0.6075526348752445	0.6166332665330662
458.71743486973946	0.0	-0.033963123151899755	0.5834717465875792	0.6174348697394789
459.1182364729459	0.0	0.02737375496803056	0.6456102279139223	0.6182364729458918
459.5190380761523	0.0	-0.001997696521842614	0.6170403796304621	0.6190380761523047
459.9198396793587	0.0	0.02504627123059407	0.6448859505893114	0.6198396793587173
460.32064128256513	0.0	-0.03160171297145093	0.5890395695936792	0.6206412825651302
460.7214428857716	0.0	-0.0117037155106979	0.6097391702608452	0.6214428857715432
461.12224448897797	0.0	0.00038565217088474884	0.6226301411488406	0.6222444889779559
461.52304609218436	0.0	0.0012174307451836583	0.6242635229295525	0.6230460921843688
461.9238476953908	0.0	-0.008726403393491532	0.6151212919972902	0.6238476953907817
462.3246492985972	0.0	0.012729037355460838	0.6373783359526551	0.6246492985971943
462.7254509018036	0.0	-0.021083192642168024	0.6043677091614391	0.6254509018036072
463.12625250501003	0.0	-0.0025811528708734968	0.6236713521391466	0.62625250501002
463.5270541082165	0.0	0.0026696131009506414	0.6297237213173835	0.6270541082164329
463.92785571142286	0.0	0.010549782666877268	0.638405494089723	0.6278557114228458
464.32865731462925	0.0	0.014490650099088141	0.6431479647283466	0.6286573146292584
464.7294589178357	0.0	-0.022237102543045343	0.607221815292626	0.6294589178356713
465.1302605210421	0.0	-0.03042911796688597	0.5998314030751982	0.6302605210420842
465.5310621242485	0.0	0.025804166650667027	0.6568662908991639	0.631062124248497
465.9318637274549	0.0	0.006894413060483879	0.6387581405153937	0.6318637274549098
466.3326653306613	0.0	-0.014724058207202097	0.6179412724541204	0.6326653306613226
466.7334669338677	0.0	0.031266288102165064	0.6647332219699005	0.6334669338677354
467.13426853707415	0.0	0.0025543529978643022	0.6368228900720126	0.6342685370741483
467.5350701402806	0.0	0.023824450671171907	0.6588945909517331	0.6350701402805612
467.935871743487	0.0	0.0015865575754980704	0.637458301062472	0.635871743486974
468.3366733466934	0.0	0.041448861020106635	0.6781222077134933	0.6366733466933867
468.7374749498998	0.0	0.03533846691840259	0.6728134168182022	0.6374749498997996
469.1382765531062	0.0	-0.004749853011522781	0.6335267000946897	0.6382765531062125
469.5390781563126	0.0	0.01965866059164134	0.6587368169042666	0.6390781563126252
469.93987975951904	0.0	0.013132603303809123	0.6530123628228472	0.6398797595190381
470.3406813627255	0.0	0.02759558874058625	0.6682769514660372	0.640681362725451
470.7414829659319	0.0	-0.019077608378577224	0.6224053575532865	0.6414829659318637
471.14228456913827	0.0	0.013939822681665423	0.656224391819942	0.6422845691382766
471.5430861723447	0.0	0.02138524472627065	0.6644714170709601	0.6430861723446895
471.9438877755511	0.0	-0.03496004490673547	0.6089277306443668	0.6438877755511022
472.3446893787575	0.0	-0.023452407796037262	0.6212369709614777	0.644689378757515
472.74549098196394	0.0	-0.0405738361690854	0.6049171457948425	0.6454909819639278
473.1462925851704	0.0	-0.005179257578846514	0.6411133275914942	0.6462925851703407
473.5470941883767	0.0	0.01455782225808759	0.6616520106348409	0.6470941883767534
473.94789579158316	0.0	0.030252242048511544	0.6781480336316779	0.6478957915831663
474.3486973947896	0.0	0.0016851458465121823	0.6503825406360914	0.6486973947895792
474.749498997996	0.0	0.032773735293389124	0.6822727332893811	0.649498997995992
475.1503006012024	0.0	-0.027402406170813666	0.6228981950315912	0.6503006012024048
475.55110220440883	0.0	-0.033869803149204486	0.6172324012596132	0.6511022044088177
475.9519038076152	0.0	-0.0009148620879017464	0.6509889455273287	0.6519038076152304
476.3527054108216	0.0	0.0078756703128418	0.660581081134485	0.6527054108216432
476.75350701402806	0.0	-0.00046124139862675035	0.6530457726294293	0.6535070140280561
477.1543086172345	0.0	-0.041157873821019146	0.6131507434134499	0.654308617234469
477.5551102204409	0.0	-0.0015930959958437262	0.6535171244450382	0.6551102204408819
477.9559118236473	0.0	-0.025901726983741047	0.6300100966635535	0.6559118236472945
478.35671342685373	0.0	0.013579493479607307	0.6702929203333148	0.6567134268537075
478.7575150300601	0.0	0.007516407781682469	0.6650314378418027	0.6575150300601202
479.1583166332665	0.0	-0.018614731986810882	0.6397019012797222	0.658316633266533
479.55911823647295	0.0	-0.010096033553008728	0.6490222029199373	0.659118236472946
479.9599198396794	0.0	-0.02100450475792954	0.6389153349214293	0.6599198396793589
480.3607214428858	0.0	-0.001075335882012872	0.6596461070037586	0.6607214428857715
480.7615230460922	0.0	0.019279592026917224	0.6808026381191016	0.6615230460921844
481.1623246492986	0.0	-0.01953925690732472	0.6427853923912725	0.6623246492985972
481.563126252505	0.0	0.010254731267175566	0.6733809837721856	0.66312625250501
481.9639278557114	0.0	-0.010432796245861593	0.6534950594655612	0.6639278557114228
482.36472945891785	0.0	-0.01568652743280884	0.6490429314850268	0.6647294589178356
482.7655310621243	0.0	-0.0019710872647811695	0.6635599748594674	0.6655310621242485
483.16633266533063	0.0	-0.020536718450204973	0.6457959468804563	0.6663326653306613
483.5671342685371	0.0	-0.01090623298601564	0.6562280355510585	0.6671342685370741
483.9679358717435	0.0	-0.023792162826608648	0.6441437089168784	0.6679358717434871
484.3687374749499	0.0	0.039458556097463154	0.708196031047363	0.6687374749498998
484.7695390781563	0.0	0.0008679991359701945	0.6704070772922829	0.6695390781563126
485.17034068136275	0.0	-0.013833091423433313	0.6565075899392921	0.6703406813627255
485.57114228456913	0.0	0.0044397233177323175	0.6755820078868706	0.6711422845691383
485.9719438877755	0.0	-0.002087714048037967	0.669856173727513	0.671943887775551
486.37274549098197	0.0	-0.004261807971729844	0.6684836830102341	0.6727454909819639
486.7735470941884	0.0	0.012439670082560026	0.6859867642709367	0.6735470941883768
487.1743486973948	0.0	0.015305257098908426	0.689653954493698	0.6743486973947896
487.5751503006012	0.0	-0.010456138715924556	0.6646941618852779	0.6751503006012024
487.97595190380764	0.0	-0.011363684943174355	0.664588218864441	0.6759519038076153
488.37675350701403	0.0	-0.005349544367301675	0.6714039626467263	0.676753507014028
488.7775551102204	0.0	-0.045888110158610745	0.6316670000618302	0.6775551102204409
489.17835671342687	0.0	-0.03015467090715324	0.6482020425197005	0.6783567134268538
489.5791583166333	0.0	0.027485486316874808	0.7066438029501414	0.6791583166332666
489.97995991983964	0.0	0.03304621909374748	0.7130061389334268	0.6799599198396793
490.3807615230461	0.0	-0.004834979089049072	0.6759265439570431	0.6807615230460922
490.78156312625254	0.0	0.011675770666055336	0.6932388969185603	0.681563126252505
491.1823647294589	0.0	0.0063685368288129915	0.6887332662877309	0.6823647294589179
491.5831663326653	0.0	0.06172006467949146	0.744886397344822	0.6831663326653306
491.98396793587176	0.0	0.022532873763849208	0.7065008096355927	0.6839679358717435
492.38476953907815	0.0	-0.002418037200973325	0.682351501877183	0.6847695390781563
492.78557114228454	0.0	-0.018971543201357775	0.6665995990832113	0.6855711422845691
493.186372745491	0.0	-0.03199069810080865	0.6543820473901734	0.686372745490982
493.58717434869743	0.0	0.004206475253495126	0.6913808239508901	0.6871743486973949
493.9879759519038	0.0	-0.014990826769978045	0.6729851251338295	0.6879759519038076
494.3887775551102	0.0	-0.028309889256174302	0.6604676658540461	0.6887775551102204
494.78957915831666	0.0	-0.012797264912660155	0.6767818934039731	0.6895791583166333
495.19038076152304	0.0	-0.02149774858852515	0.6688830129345209	0.6903807615230461
495.59118236472943	0.0	0.03387507361369841	0.7250574383431573	0.6911823647294588
495.9919839679359	0.0	0.017764076041249306	0.709748043977121	0.6919839679358717
496.3927855711423	0.0	-2.912152510921396e-05	0.6927564496171754	0.6927855711422847
496.7935871743487	0.0	0.02972827473710053	0.7233154490857979	0.6935871743486974
497.1943887775551	0.0	0.0016758288822922706	0.6960646064374024	0.6943887775551102
497.59519038076155	0.0	-0.017098140559746348	0.6780922402017768	0.6951903807615232
497.99599198396794	0.0	0.030589115575177402	0.7265810995431132	0.6959919839679358
498.39679358717433	0.0	0.010903935152492676	0.7076975223268414	0.6967935871743487
498.7975951903808	0.0	-0.020620079009637738	0.6769751113711239	0.6975951903807616
499.1983967935872	0.0	-0.0036828102721744036	0.694713983315	0.6983967935871744
499.59919839679355	0.0	-0.017389273283278286	0.6818091235103088	0.6991983967935871
500.0	0.0	-0.027533765187528873	0.672466234812471	0.7
